3,875           0,7758789       -0,3074951      0,5508423       -0,0003662109   0               0              
16,375          0,7756958       -0,3088989      0,550354        0               0               0              
33,1875         0,7758179       -0,3083496      0,5504761       6,103516E-05    360             0              
41,6875         0,7756348       -0,3087769      0,5504761       0,0001831055    359,25          0              
41,5625         0,7763062       -0,3085327      0,5496826       0,0002441406    359,25          0              
41,4375         0,7778931       -0,2987671      0,5528564       -0,001708984    359,25          0              
41,375          0,7785645       -0,2969971      0,5527954       -0,00201416     359,25          0              
41,0625         0,7767944       -0,3007202      0,5532837       -0,001586914    359,25          0              
41              0,7753906       -0,3048706      0,5530396       -0,001037598    1,5             0              
41,0625         0,7757568       -0,3061523      0,5517578       -0,0001831055   1,5             0              
41,5625         0,7762451       -0,305481       0,5514526       -0,0003662109   2,25            0              
41,4375         0,7770386       -0,305481       0,550415        -0,0003662109   2,25            0              
41,75           0,7769775       -0,3014526      0,5526123       -0,001037598    0               0              
41,5625         0,7767334       -0,3017578      0,5528564       -0,0008544922   0               0              
41,6875         0,7761841       -0,3033447      0,5527344       -0,0006713867   0               0              
41,125          0,7755737       -0,3043823      0,5529785       -0,0004272461   0               0              
40,6875         0,7759399       -0,3045654      0,5524292       -6,103516E-05   0               0              
40,5625         0,7772217       -0,302063       0,552002        -0,0005493164   0               0              
40,75           0,7785034       -0,2981567      0,5523071       -0,001098633    360             0              
41,125          0,7792358       -0,2920532      0,5545044       -0,002624512    358,5           0              
41,5625         0,7800903       -0,2935181      0,5525513       -0,002075195    359,25          0              
41,9375         0,7796021       -0,2964478      0,5516357       -0,001586914    0               0              
42,0625         0,7793579       -0,2938232      0,5534058       -0,002624512    360             0              
41,75           0,7792358       -0,2929077      0,5541382       -0,002929688    359,25          0              
41,8125         0,7792969       -0,2930298      0,553894        -0,002868652    359,25          0              
41,5            0,7770996       -0,2958984      0,555481        -0,002685547    359,25          5,779475       
41,375          0,776062        -0,2954712      0,5571899       -0,003112793    359,25          5,779475       
41,375          0,7783203       -0,2919312      0,5559082       -0,003540039    359,25          17,12629       
41,5            0,7802734       -0,2877808      0,5552979       -0,004211426    359,25          23,98058       
41,8125         0,7808228       -0,2880859      0,5543823       -0,003967285    359,25          28,58153       
41,625          0,7824097       -0,2857056      0,5533447       -0,004211426    359,25          28,79838       
41,75           0,7835083       -0,2837524      0,5527954       -0,004516602    359,25          33,17777       
41,6875         0,7830811       -0,2840576      0,5532837       -0,004638672    359,25          48,93697       
42              0,7830811       -0,2825317      0,5539551       -0,005004883    359,25          49,11611       
42,0625         0,7833252       -0,2803955      0,5547485       -0,00567627     359,25          54,75416       
42,125          0,7828369       -0,2828369      0,5541992       -0,004943848    359,25          70,15038       
41,625          0,7828369       -0,2825928      0,5543213       -0,005187988    359,25          82,08174       
41,4375         0,7831421       -0,2817383      0,5543213       -0,005615234    359,25          99,08546       
41,5            0,7831421       -0,2817383      0,5543213       -0,005615234    359,25          99,08546       
41,6875         0,7852173       -0,2748413      0,5548706       -0,007263184    359,25          100            
41,8125         0,7852783       -0,2750244      0,5546875       -0,007263184    359,25          100            
41,875          0,7845459       -0,277832       0,5542603       -0,006591797    359,25          99,91043       
42,1875         0,7830811       -0,2785645      0,5560303       -0,006774902    360             98,86391       
42,5            0,7807007       -0,2786865      0,5592651       -0,007751465    360             97,33183       
42,1875         0,7802734       -0,2773438      0,5605469       -0,008422852    360             80,42239       
41,9375         0,7799683       -0,2779541      0,5606079       -0,008361816    360             80,42239       
41,4375         0,7799683       -0,2780151      0,5606079       -0,008361816    360             53,12309       
41,75           0,7794189       -0,2788086      0,5609131       -0,008300781    360             41,13987       
41,75           0,7799072       -0,2776489      0,5608521       -0,008605957    360             26,08306       
41,8125         0,7804565       -0,2768555      0,5604858       -0,009033203    360             8,485363       
41,6875         0,7805176       -0,2758789      0,5604858       -0,009033203    360             8,485363       
41,625          0,7807007       -0,2758789      0,5606689       -0,009399414    360             0              
41,9375         0,7796631       -0,277771       0,5611572       -0,009216309    360             0              
41,8125         0,7776489       -0,2783813      0,5635986       -0,009765625    360             0              
41,8125         0,7780762       -0,2792358      0,5626221       -0,009338379    360             0              
41,3125         0,7805176       -0,2786255      0,5595093       -0,008789063    360             0              
41,25           0,7806396       -0,2832031      0,5571289       -0,007385254    360             0              
41,5625         0,7799072       -0,286377       0,5564575       -0,006774902    360             0              
41,6875         0,7794189       -0,288147       0,5562744       -0,006347656    360             0              
41,625          0,7778931       -0,2943726      0,5551758       -0,005371094    0               0              
41,5625         0,7765503       -0,2963257      0,5560303       -0,005615234    3               0              
41,75           0,7774658       -0,2937012      0,5560913       -0,005981445    12              0              
42,0625         0,7786865       -0,2886963      0,5570068       -0,006591797    6               0              
41,8125         0,7781982       -0,2945557      0,5546265       -0,005249023    357,75          0              
41,625          0,7767944       -0,3006592      0,5532837       -0,00402832     357             0              
41,6875         0,7778931       -0,2979736      0,5532227       -0,004577637    357,75          0              
42,1875         0,7780151       -0,2964478      0,553894        -0,005249023    359,25          0              
42,125          0,7772827       -0,2974243      0,5543823       -0,004943848    359,25          0              
42,0625         0,77771         -0,296875       0,5540771       -0,005187988    359,25          0              
41,9375         0,77771         -0,2964478      0,5543213       -0,005432129    359,25          0              
41,875          0,77771         -0,2966309      0,5542603       -0,005249023    359,25          0              
42              0,77771         -0,2965088      0,5542603       -0,005310059    359,25          0              
42,0625         0,77771         -0,2965088      0,5542603       -0,005310059    359,25          0              
42,1875         0,77771         -0,2965088      0,5542603       -0,005310059    359,25          0              
41,875          0,77771         -0,2965088      0,5542603       -0,005310059    359,25          0              
