3,6875          0,7807007       -0,2999268      0,5482178       -0,002929688    0               0              
19,4375         0,7802734       -0,3016968      0,5478516       -0,002563477    0               0              
31,3125         0,7801514       -0,3012695      0,5482178       -0,002807617    0               0              
39,75           0,7800903       -0,3015747      0,5481567       -0,002563477    0               0              
40,375          0,7803955       -0,3009644      0,5480957       -0,003051758    0               0              
40,6875         0,7798462       -0,3001709      0,5492554       -0,003295898    360             0              
40,4375         0,7791748       -0,3011475      0,5496826       -0,003112793    359,25          0              
40,125          0,7784424       -0,3010254      0,5508423       -0,003540039    359,25          0              
40,4375         0,7778931       -0,3030396      0,5504761       -0,002990723    359,25          0              
40,75           0,7776489       -0,3032227      0,5507202       -0,002990723    359,25          0              
41,5            0,7779541       -0,3023682      0,5507813       -0,003356934    359,25          0              
41,6875         0,7781372       -0,2988281      0,5524292       -0,003356934    359,25          0              
41,3125         0,7789917       -0,2902832      0,5557861       -0,00604248     357,75          0              
41,0625         0,7792969       -0,289856       0,555542        -0,00604248     354,75          0              
40,625          0,7790527       -0,289978       0,5557861       -0,006225586    351,75          0              
40,5            0,77771         -0,2927856      0,5562134       -0,005554199    342,75          0              
40,4375         0,7767944       -0,2941895      0,5567627       -0,005371094    329,25          0              
40,625          0,7764893       -0,2952881      0,5566406       -0,005187988    311,25          0              
41,1875         0,7770996       -0,2932739      0,5568237       -0,00567627     296,25          0              
41,1875         0,7772217       -0,2918701      0,557373        -0,00604248     282             0              
41,125          0,776062        -0,2944946      0,5576172       -0,005737305    280,5           0              
41,125          0,7737427       -0,2988892      0,5585327       -0,005249023    280,5           0              
40,875          0,7736816       -0,2996826      0,5581665       -0,005065918    279,75          0              
41,1875         0,7740479       -0,2998047      0,5576172       -0,004943848    276,75          0              
41,0625         0,7752075       -0,2963867      0,5578613       -0,005615234    273,75          0              
41,3125         0,7752075       -0,2965088      0,5578003       -0,005554199    261,75          0              
41,375          0,7750854       -0,2990723      0,5565796       -0,004882813    243,75          0              
41,3125         0,7752686       -0,2985229      0,5566406       -0,005004883    225,75          0              
41,3125         0,7752686       -0,2961426      0,5579224       -0,00579834     222,75          0              
41,25           0,7739868       -0,2957153      0,5598755       -0,006225586    216,75          0              
41,25           0,774231        -0,2927856      0,5610352       -0,007202148    214,5           0              
41,1875         0,772522        -0,2971191      0,5610962       -0,006408691    203,25          0              
40,9375         0,772522        -0,2990723      0,5600586       -0,005981445    195,75          0              
41,0625         0,7738037       -0,2980347      0,5588989       -0,006164551    187,5           0              
41,25           0,7734375       -0,298584       0,559082        -0,00604248     183,75          0              
41,375          0,7741089       -0,2979736      0,5585327       -0,006103516    176,25          0              
41,3125         0,7745972       -0,2957764      0,5585327       -0,006103516    176,25          0              
41,375          0,7755737       -0,2924194      0,5593872       -0,007385254    159             0              
41,25           0,7756958       -0,2912598      0,5598755       -0,00769043     153,75          0              
41,4375         0,7764282       -0,291687       0,5586548       -0,007507324    149,25          0              
41,25           0,7772217       -0,2918701      0,557373        -0,007324219    144,75          0              
41,25           0,7772217       -0,2918701      0,557373        -0,007324219    144,75          0              
40,8125         0,7770386       -0,2906494      0,5582886       -0,007873535    129             0              
40,875          0,7775269       -0,288208       0,5588989       -0,008666992    129,75          0              
41,125          0,7776489       -0,2874756      0,559021        -0,008850098    129             0              
41,0625         0,777771        -0,2874756      0,5588989       -0,008789063    129             0              
41,125          0,7780762       -0,2874756      0,5584717       -0,008666992    129,75          0              
41,0625         0,7766113       -0,2901611      0,559082        -0,008117676    120             0              
41,5625         0,7752686       -0,2915649      0,5602417       -0,008239746    108             0              
41,9375         0,7765503       -0,289917       0,5593262       -0,008422852    98,25           0              
42,125          0,7772827       -0,2874756      0,5595703       -0,008728027    83,25           0              
42,1875         0,7775269       -0,286499       0,5597534       -0,008666992    66,75           0              
41,5            0,7793579       -0,2834473      0,5587158       -0,008972168    51,75           0              
41,3125         0,7802734       -0,2834473      0,5587158       -0,008972168    51,75           0              
40,9375         0,7798462       -0,284668       0,5574341       -0,008911133    23,25           0              
41,3125         0,7782593       -0,2893066      0,557312        -0,008300781    17,25           0              
41,8125         0,7774658       -0,2885742      0,5587158       -0,008972168    14,25           0              
41,9375         0,7772217       -0,289917       0,5584106       -0,008789063    12,75           0              
41,4375         0,7788086       -0,2861938      0,5581055       -0,009277344    11,25           0              
41,25           0,7771606       -0,2897339      0,5585938       -0,008850098    9,75            0              
41,4375         0,7775879       -0,2865601      0,5596313       -0,009521484    8,25            0              
41,3125         0,7775269       -0,2837524      0,5610962       -0,01025391     3,75            0              
41,375          0,77771         -0,282959       0,5612793       -0,01055908     0               0              
41,125          0,7780151       -0,2833252      0,5606079       -0,01043701     360             0              
40,9375         0,7779541       -0,2833252      0,5606079       -0,01043701     360             0              
40,625          0,7771606       -0,284729       0,5610962       -0,01049805     360             0              
40,875          0,77771         -0,2865601      0,5593872       -0,009765625    360             0              
41,25           0,7786255       -0,2848511      0,55896         -0,00994873     358,5           0              
41,4375         0,7783203       -0,2859497      0,5588989       -0,009765625    354             0              
41,375          0,7785034       -0,2836304      0,5597534       -0,01043701     348             0              
41,375          0,7785645       -0,2833862      0,5598755       -0,01055908     348             0              
41,5625         0,7789307       -0,2816162      0,5602417       -0,0111084      349,5           0              
41,6875         0,7791748       -0,2822266      0,5595703       -0,01092529     349,5           0              
41,8125         0,7791748       -0,2824707      0,5594482       -0,01092529     349,5           0              
41,125          0,7788086       -0,2843628      0,559021        -0,01055908     349,5           0              
41,25           0,7788086       -0,2843628      0,559021        -0,01055908     349,5           0              
41,4375         0,77771         -0,288147       0,5586548       -0,009765625    348             0              
41,875          0,7769775       -0,2902832      0,5585327       -0,009460449    348             0              
41,625          0,7775269       -0,2921753      0,5567627       -0,009094238    347,25          0              
41,1875         0,7771606       -0,2937622      0,5564575       -0,008789063    347,25          0              
41,3125         0,7773438       -0,293396       0,5564575       -0,008789063    347,25          0              
42              0,7773438       -0,2936401      0,5562744       -0,008911133    347,25          0              
42,25           0,7773438       -0,2935791      0,5562744       -0,008972168    347,25          0              
41,875          0,7773438       -0,2936401      0,5562744       -0,008972168    347,25          0              
41,5            0,7773438       -0,2936401      0,5562744       -0,008972168    347,25          0              
41              0,7773438       -0,2936401      0,5562744       -0,008972168    347,25          0              
40,75           0,7773438       -0,2936401      0,5562744       -0,008972168    347,25          0              
40,4375         0,7773438       -0,2936401      0,5562744       -0,008972168    347,25          0              
40,8125         0,7773438       -0,2936401      0,5562744       -0,008972168    347,25          0              
41,25           0,7773438       -0,2936401      0,5562744       -0,008972168    347,25          0              
41,4375         0,7773438       -0,2936401      0,5562744       -0,008972168    347,25          0              
41,75           0,7773438       -0,2936401      0,5562744       -0,008972168    347,25          0              
41,5625         0,7773438       -0,2936401      0,5562744       -0,008972168    347,25          0              
41,375          0,7773438       -0,2936401      0,5562744       -0,008972168    347,25          0              
41,1875         0,7773438       -0,2936401      0,5562744       -0,008972168    347,25          0              
41,4375         0,7773438       -0,2936401      0,5562744       -0,008972168    347,25          0              
41,5            0,7773438       -0,2936401      0,5562744       -0,008972168    347,25          0              
41,5            0,7773438       -0,2936401      0,5562744       -0,008972168    347,25          0              
