3,9375          0,8605957       -0,2365112      0,4509888       -0,0006103516   0               0              
16,3125         0,8605957       -0,2365112      0,4509888       -0,0006103516   0               0              
33              0,8606567       -0,2363281      0,4509888       -0,0006713867   0               0              
41,6875         0,8607178       -0,236084       0,4509888       -0,000793457    0               0              
42              0,8607178       -0,236084       0,4509888       -0,000793457    0               0              
42              0,8607178       -0,236084       0,4509888       -0,000793457    0               0              
41,625          0,8607178       -0,236084       0,4509888       -0,000793457    0               0              
41,5            0,8607178       -0,236084       0,4509888       -0,000793457    0               0              
41,5625         0,8607178       -0,236084       0,4509888       -0,000793457    0               0              
41,8125         0,8607178       -0,236084       0,4509888       -0,000793457    0               0              
41,75           0,8606567       -0,236084       0,4511719       -0,0006713867   0               0              
41,4375         0,8598633       -0,2371216      0,4520874       -0,0006713867   0               0              
41,4375         0,8595581       -0,2369385      0,4527588       -6,103516E-05   360             0              
41,625          0,8527832       -0,2427979      0,4624023       0,0008544922    360             0              
42              0,8393555       -0,2554932      0,4797974       0,002319336     0               0              
41,8125         0,8346558       -0,2610474      0,4849854       0,00390625      0               0              
41,75           0,8380127       -0,2560425      0,4818115       0,00177002      360             0              
41,8125         0,8380127       -0,2560425      0,4818115       0,00177002      360             0              
41,6875         0,8336792       -0,258606       0,487915        0,001708984     0               0              
41,5625         0,8323975       -0,2594604      0,489624        0,001647949     0               0              
41,5            0,829895        -0,2600708      0,4935303       0,0006103516    0               0              
41,4375         0,828186        -0,2605591      0,4961548       -6,103516E-05   0               0              
41,375          0,8254395       -0,2618408      0,500061        -0,0004882813   0               0              
41,5625         0,8186646       -0,265564       0,5091553       -0,0003662109   0               0              
41,1875         0,8181152       -0,267334       0,5091553       0,0008544922    0               0              
41,5            0,81604         -0,2687988      0,5117188       0,0009155273    0               0              
41,25           0,8117676       -0,2718506      0,5168457       0,0009155273    0               0              
41,9375         0,8094482       -0,2738647      0,5194092       0,002319336     0               0              
42              0,8061523       -0,2759399      0,5233765       0,002441406     0               0              
42,375          0,8026733       -0,2790527      0,5271606       0,004638672     0               0              
41,6875         0,7957764       -0,2849731      0,5342407       0,0078125       0,75            0              
41,3125         0,788147        -0,291626       0,5419312       0,009216309     0,75            0              
41,375          0,7862549       -0,2952271      0,5427246       0,008850098     0,75            0              
41,8125         0,7843628       -0,2958374      0,545105        0,008300781     1,5             0              
41,6875         0,7818604       -0,2964478      0,5484619       0,007873535     1,5             0              
41,5625         0,7804565       -0,2977295      0,5496826       0,008422852     1,5             0              
41,5            0,7772217       -0,3010864      0,5524292       0,008911133     1,5             0              
42              0,772583        -0,3074341      0,5553589       0,01019287      1,5             0              
42,1875         0,767395        -0,3129883      0,5594482       0,0112915       1,5             0              
41,9375         0,7632446       -0,31604        0,5634155       0,01220703      1,5             0              
41,5625         0,7578735       -0,3201904      0,5682983       0,01324463      1,5             0              
41,25           0,7513428       -0,3238525      0,5747681       0,01727295      1,5             0              
41,5            0,74823         -0,3234253      0,5789795       0,01855469      1,5             0              
41,5625         0,7471924       -0,3233032      0,5803833       0,01873779      1,5             0              
41,75           0,7467041       -0,3231201      0,5811157       0,0189209       1,5             0              
41,875          0,7460327       -0,3230591      0,5819092       0,01989746      1,5             0              
41,8125         0,7459106       -0,3235474      0,5818481       0,01922607      1,5             0              
41,8125         0,7474365       -0,3236084      0,579895        0,01849365      1,5             0              
42,125          0,753418        -0,3216553      0,5731812       0,0166626       1,5             0              
42,1875         0,7579346       -0,3206787      0,5678711       0,01629639      1,5             0              
42,125          0,7625732       -0,3184204      0,5628662       0,01599121      1,5             0              
41,625          0,767334        -0,3127441      0,5595703       0,01538086      1,5             0              
41,75           0,767334        -0,3127441      0,5595703       0,01538086      1,5             0              
41,5            0,7811279       -0,3034058      0,5455322       0,01373291      1,5             0              
42,0625         0,788208        -0,298584       0,5380249       0,01141357      1,5             0              
42,0625         0,7932129       -0,295105       0,5325928       0,009216309     1,5             0              
42,25           0,796936        -0,2924805      0,5284424       0,008056641     1,5             0              
41,875          0,8013916       -0,2905273      0,5228271       0,007080078     1,5             0              
41,5625         0,8065186       -0,2874756      0,5166016       0,006347656     1,5             0              
41,75           0,810791        -0,2833862      0,512085        0,00604248      1,5             0              
42,25           0,817688        -0,2763062      0,5050049       0,003417969     1,5             0              
42,4375         0,822937        -0,2717285      0,4989014       0,002197266     1,5             0              
42,375          0,8262329       -0,2711792      0,4937134       0,001464844     1,5             0              
42,1875         0,8323364       -0,267334       0,4855957       0,001953125     1,5             0              
42,1875         0,8323364       -0,267334       0,4855957       0,001953125     1,5             0              
41,8125         0,8430786       -0,2584839      0,4716187       0,0001831055    0               0              
41,6875         0,848938        -0,2557983      0,4625244       -0,0003051758   0               0              
42,25           0,8526611       -0,2515259      0,4578857       0,0001831055    0               0              
42,125          0,8598633       -0,2453613      0,4476929       -0,0008544922   0               0              
41,9375         0,8613281       -0,2441406      0,4455566       -0,00177002     0               0              
41,75           0,8615723       -0,2442627      0,4449463       -0,0004882813   0               0              
41,8125         0,8616333       -0,2436523      0,4451904       -0,0006103516   0               0              
41,6875         0,8616333       -0,2437744      0,4451294       -0,0006103516   0               0              
41,625          0,8616333       -0,2438965      0,4450684       -0,001098633    0               0              
41,625          0,8616333       -0,2438965      0,4450684       -0,001098633    0               0              
42,0625         0,8618164       -0,2434082      0,4450073       -0,001586914    0               0              
42,0625         0,8618164       -0,2434082      0,4450073       -0,001586914    0               0              
42,4375         0,8616943       -0,2440186      0,4448853       -0,001464844    0               0              
43,0625         0,8616943       -0,2440796      0,4448853       -0,001403809    0               0              
43,1875         0,8616333       -0,2444458      0,4447632       -0,001342773    0               0              
43,5            0,8616333       -0,2446289      0,4447021       -0,001403809    0               0              
43,3125         0,8615723       -0,2446289      0,4447021       -0,001403809    0               0              
43,3125         0,8615723       -0,244812       0,4447021       -0,001525879    0               0              
42,875          0,8615723       -0,244873       0,4446411       -0,001647949    0               0              
42,3125         0,8615723       -0,244873       0,4446411       -0,001647949    0               0              
42              0,8615723       -0,244873       0,4446411       -0,001647949    0               0              
42,125          0,8615723       -0,244873       0,4446411       -0,001647949    0               0              
42,5            0,8615723       -0,2449341      0,4446411       -0,001647949    0               0              
42,625          0,8615723       -0,2449951      0,4445801       -0,00177002     0               0              
42,25           0,8615112       -0,2452393      0,4445801       -0,001831055    0               0              
42,25           0,8614502       -0,2454224      0,4445801       -0,00177002     0               0              
41,875          0,8614502       -0,2454224      0,4445801       -0,00177002     0               0              
41,6875         0,861145        -0,2466431      0,444519        -0,001037598    0               0              
41,75           0,8610229       -0,246582       0,4447632       -0,0009765625   0               0              
41,9375         0,8607788       -0,2463989      0,4453735       -0,001098633    0               0              
42,1875         0,8607788       -0,2458496      0,4456177       -0,001281738    0               0              
42,6875         0,8603516       -0,2463989      0,446228        -0,0008544922   0               0              
42,875          0,8605347       -0,2462158      0,4459229       -0,000793457    0               0              
42,5            0,8604736       -0,2463989      0,4460449       -0,0005493164   0               0              
41,9375         0,8605347       -0,2462769      0,4459839       -0,0004882813   0               0              
41,5            0,8603516       -0,2468262      0,4459229       -0,0001220703   0               0              
41,625          0,8603516       -0,2467651      0,4460449       -0,0001220703   0               0              
41,9375         0,8603516       -0,2467651      0,4460449       -0,0001220703   0               0              
41,9375         0,8604736       -0,2468262      0,4456787       6,103516E-05    0               0              
42,1875         0,8604736       -0,2469482      0,4456787       0,0001220703    0               0              
42,25           0,8606567       -0,2463989      0,4456787       -0,0001831055   0               0              
42,3125         0,8608398       -0,2456665      0,4456787       -0,0005493164   0               0              
42,1875         0,8608398       -0,2456665      0,4456787       -0,0005493164   0               0              
41,9375         0,8606567       -0,246582       0,4454956       0               0               0              
42,25           0,8602295       -0,2474976      0,4458618       0,0003662109    0               0              
