3,6875          0,7694702       -0,3426514      0,5389404       -0,005432129    0               0              
15,625          0,7694702       -0,3425293      0,5390015       -0,005615234    0               0              
31,8125         0,7694702       -0,3425293      0,5390015       -0,005615234    0               0              
40,75           0,7697144       -0,3421631      0,5389404       -0,00579834     0               0              
41,3125         0,7697144       -0,3421631      0,5389404       -0,00579834     0               0              
41,625          0,7701416       -0,3416138      0,5386353       -0,005859375    0               0              
40,9375         0,7703857       -0,3416748      0,5383301       -0,00579834     0               0              
40,4375         0,7698975       -0,3411865      0,5392456       -0,006286621    0               0              
40,4375         0,7694092       -0,3395386      0,5409546       -0,007263184    0               0              
41,375          0,7698364       -0,3362427      0,5424194       -0,008300781    0               0              
41,8125         0,7701416       -0,3290405      0,5463257       -0,0100708      0               0              
41,75           0,7705078       -0,3198853      0,5511475       -0,01318359     1,5             0              
41              0,7705688       -0,3131714      0,5549316       -0,01507568     1,5             0              
40,9375         0,7703247       -0,3060303      0,5592041       -0,01763916     1,5             0              
40,75           0,7697754       -0,2979736      0,5641479       -0,02124023     1,5             0              
41,4375         0,7697144       -0,2912598      0,5675659       -0,02471924     1,5             0              
41,75           0,769104        -0,2866821      0,5705566       -0,02709961     2,25            0              
41,875          0,7684937       -0,2807007      0,5742188       -0,03015137     3               0              
41,6875         0,7678833       -0,2733765      0,5783691       -0,03405762     3,75            0              
41,9375         0,7681885       -0,2675171      0,5805664       -0,03619385     4,5             0              
42,5            0,7683716       -0,2634277      0,5820313       -0,03826904     4,5             0              
42,5            0,7683716       -0,2634277      0,5820313       -0,03826904     4,5             0              
42,625          0,7687378       -0,2542114      0,5853882       -0,04229736     4,5             0              
42,125          0,7684326       -0,2489624      0,5877686       -0,04534912     6               0              
41,6875         0,769165        -0,2421265      0,5894775       -0,04785156     6               0              
41,375          0,7695313       -0,2352295      0,5914917       -0,0512085      6,75            0              
41              0,7692871       -0,2315063      0,5931396       -0,05291748     6,75            0              
41,0625         0,7692871       -0,2260132      0,5949097       -0,05609131     7,5             0              
41,375          0,7692871       -0,222229       0,5961304       -0,05889893     7,5             0              
41,4375         0,7686157       -0,2178345      0,5981445       -0,06347656     7,5             0              
41,5625         0,7678223       -0,2134399      0,6002808       -0,0668335      7,5             0              
41,375          0,7652588       -0,2056274      0,6054077       -0,07470703     7,5             0              
41,4375         0,7660522       -0,1956787      0,6071167       -0,0793457      9               0              
41,4375         0,7658081       -0,1871338      0,609314        -0,0848999      10,5            0              
41,6875         0,7650757       -0,1844482      0,6107178       -0,08752441     10,5            0              
41,375          0,7634277       -0,1810913      0,6131592       -0,09173584     10,5            0              
40,9375         0,7616577       -0,1765137      0,6157837       -0,09173584     10,5            0              
41              0,7590332       -0,1723633      0,6193848       -0,1029053      10,5            0              
41,4375         0,7579346       -0,1626587      0,6222534       -0,1090088      10,5            0              
42,125          0,7582397       -0,1517334      0,6237793       -0,1137695      10,5            0              
41,6875         0,7582397       -0,1401978      0,6252441       -0,1203613      10,5            0              
42              0,7572021       -0,1401978      0,6252441       -0,1203613      10,5            0              
41,625          0,7557373       -0,1287231      0,6289673       -0,1291504      10,5            0              
42,0625         0,7553101       -0,1260376      0,6297607       -0,1304321      10,5            0              
41,875          0,7563477       -0,1266479      0,6288452       -0,1282959      10,5            0              
41,75           0,7574463       -0,1360474      0,6268921       -0,1218262      10,5            0              
40,8125         0,7600708       -0,1583252      0,6205444       -0,1103516      10,5            0              
40,9375         0,7600098       -0,1668701      0,6188965       -0,1074219      10,5            0              
41,375          0,7602539       -0,1763306      0,6165161       -0,1040039      10,5            0              
41,3125         0,7613525       -0,1865234      0,6131592       -0,09783936     10,5            0              
41              0,762207        -0,1984253      0,609375        -0,09130859     10,5            0              
41,0625         0,7637939       -0,2115479      0,604187        -0,08282471     10,5            0              
41,125          0,7637939       -0,2229614      0,6009521       -0,07568359     10,5            0              
41,5625         0,7633057       -0,2357178      0,5977173       -0,06707764     10,5            0              
41,375          0,7635498       -0,2484131      0,5932007       -0,05786133     10,5            0              
41,5            0,7641602       -0,2609253      0,5878296       -0,04901123     9               0              
41,625          0,7647705       -0,2731323      0,5820923       -0,04901123     9               0              
41,6875         0,7649536       -0,2828369      0,5776367       -0,03381348     9               0              
41,625          0,7659912       -0,2927246      0,5717163       -0,02563477     9               0              
41,5625         0,7658081       -0,3046265      0,56604         -0,01715088     9               0              
42              0,7662964       -0,3173218      0,5585938       -0,008178711    8,25            0              
42,125          0,7666016       -0,3173218      0,5585938       -0,008178711    8,25            0              
42,3125         0,7680664       -0,3348389      0,5458984       0,001281738     7,5             0              
42,1875         0,7678833       -0,3435059      0,5406494       0,003662109     6               0              
42,5625         0,7674561       -0,3518677      0,5358276       0,00604248      6               0              
42,25           0,7674561       -0,3574219      0,5321045       0,009033203     6               0              
42,125          0,7670898       -0,3632202      0,5286865       0,01190186      3               0              
41,8125         0,7666016       -0,3674316      0,5263672       0,01525879      3               0              
42,0625         0,7662964       -0,3692017      0,5255737       0,01525879      3               0              
41,8125         0,7660522       -0,3675537      0,5271606       0,01464844      3               0              
41,625          0,7660522       -0,362854       0,5304565       0,01184082      3               0              
41,75           0,7671509       -0,3567505      0,53302         0,009338379     3               0              
42,0625         0,7683716       -0,3566284      0,531311        0,01086426      3               0              
42,125          0,7682495       -0,3616943      0,5279541       0,01495361      1,5             0              
41,625          0,7681885       -0,3641357      0,5263062       0,01672363      0,75            0              
41,625          0,7682495       -0,3616333      0,5280151       0,01531982      0,75            0              
41,75           0,7685547       -0,3579102      0,5301514       0,01379395      0,75            0              
42              0,7700195       -0,3515015      0,5323486       0,01275635      0               0              
42              0,7697754       -0,3496094      0,5338745       0,01184082      0               0              
41,75           0,7697144       -0,3482666      0,5349121       0,01123047      0               0              
41,625          0,769104        -0,3469238      0,5367432       0,01049805      0               0              
41,1875         0,7688599       -0,3463745      0,5373535       0,01049805      0               0              
41,5            0,7683105       -0,3444214      0,5393677       0,00994873      0               0              
41,8125         0,7684326       -0,3417358      0,5409546       0,008789063     0               0              
42,625          0,7678223       -0,3394165      0,5432739       0,008300781     0               0              
42,375          0,7679443       -0,3397217      0,5429688       0,008300781     0               0              
42,25           0,7675171       -0,3406372      0,5429688       0,008911133     0               0              
42              0,767395        -0,3412476      0,5427856       0,009155273     0               0              
42,25           0,7672119       -0,3412476      0,5430298       0,009033203     0               0              
42,375          0,7670288       -0,3405762      0,5437012       0,008300781     0               0              
